(Permutation [3,4,8,2,5,6,10,7,9,1],[5,4,1],3,[6,2,1,1],4)
(Permutation [5,2,7,6,9,4,10,1,3,8],[4,3,2,1],4,[4,3,2,1],4)
(Permutation [2,7,3,9,10,8,1,4,6,5],[4,3,2,1],4,[4,3,2,1],4)
(Permutation [7,8,4,5,2,3,9,1,6,10],[4,3,2,1],4,[4,3,2,1],4)
(Permutation [7,3,2,5,6,9,10,1,4,8],[4,3,2,1],4,[5,3,1,1],4)
(Permutation [6,2,1,8,9,3,10,7,5,4],[4,3,2,1],4,[4,3,2,1],4)
(Permutation [5,4,6,1,10,3,2,8,9,7],[3,3,3,1],4,[4,3,2,1],4)
(Permutation [6,9,8,5,4,1,10,2,7,3],[3,3,2,1,1],5,[3,3,2,1,1],5)
(Permutation [5,4,7,1,6,2,10,3,8,9],[4,3,3],3,[5,3,2],3)
(Permutation [2,10,8,7,6,1,3,5,9,4],[3,2,2,1,1,1],6,[4,2,1,1,1,1],6)
