Permutation [11,8,13,4,10,17,18,1,5,9,7,2,15,16,6,3,19,14,12,20]
Permutation [10,19,5,6,15,7,3,11,16,13,8,4,1,20,14,9,12,17,18,2]
Permutation [5,6,18,7,12,2,4,9,15,13,11,14,17,10,3,16,1,20,19,8]
Permutation [16,6,19,20,2,8,17,12,9,15,10,7,1,5,11,18,4,3,14,13]
Permutation [19,13,7,3,6,12,4,1,18,16,11,5,20,17,10,8,15,9,2,14]
Permutation [2,3,15,8,19,6,20,10,1,14,9,16,13,7,17,18,5,12,11,4]
Permutation [20,2,17,6,15,19,11,16,14,5,3,12,18,7,10,9,13,4,1,8]
Permutation [15,1,10,7,17,13,4,20,16,3,12,5,18,2,8,14,6,11,9,19]
Permutation [13,8,17,2,3,9,1,6,20,12,15,16,18,19,11,7,5,4,14,10]
Permutation [9,4,13,7,14,20,19,5,18,6,2,8,1,12,15,16,17,10,11,3]
